150
86.42857143
102.1428571
102.1428571
102.1428571
110
110
110
110
110
125.7142857
125.7142857
133.5714286
133.5714286
133.5714286
133.5714286
133.5714286
133.5714286
141.4285714
141.4285714
141.4285714
141.4285714
141.4285714
149.2857143
149.2857143
149.2857143
149.2857143
157.1428571
157.1428571
157.1428571
157.1428571
165
165
165
165
165
165
165
165
172.8571429
172.8571429
172.8571429
172.8571429
172.8571429
180.7142857
180.7142857
180.7142857
180.7142857
180.7142857
188.5714286
188.5714286
188.5714286
188.5714286
188.5714286
196.4285714
196.4285714
196.4285714
196.4285714
196.4285714
196.4285714
196.4285714
196.4285714
204.2857143
204.2857143
204.2857143
204.2857143
204.2857143
212.1428571
212.1428571
212.1428571
212.1428571
212.1428571
212.1428571
220
220
220
220
220
227.8571429
227.8571429
227.8571429
227.8571429
227.8571429
235.7142857
235.7142857
235.7142857
243.5714286
243.5714286
243.5714286
251.4285714
251.4285714
251.4285714
251.4285714
267.1428571
267.1428571
267.1428571
282.8571429
282.8571429
282.8571429
298.5714286
298.5714286
298.5714286
306.4285714
314.2857143
314.2857143
322.1428571
322.1428571
330
337.8571429
345.7142857
345.7142857
361.4285714
361.4285714
369.2857143
377.1428571
385
400.7142857
424.2857143
424.2857143
424.2857143
440
463.5714286
471.4285714
495
502.8571429
518.5714286
526.4285714
534.2857143
534.2857143
542.1428571
542.1428571
565.7142857
565.7142857
589.2857143
620.7142857
628.5714286
644.2857143
809.2857143
856.4285714
903.5714286
1147.142857
1233.571429
1241.428571
1257.142857
1343.571429
1343.571429
1430
1532.142857
1579.285714
1752.142857
1767.857143
1917.142857
2042.857143
2058.571429
2066.428571
2097.857143
2145
2168.571429
2184.285714
2262.857143
2278.571429
2278.571429
2372.857143
2388.571429
2443.571429
2443.571429
2475
2514.285714
2655.714286
2663.571429
2734.285714
2789.285714
2836.428571
2899.285714
2915
2938.571429
3009.285714
3040.714286
3048.571429
3095.714286
3142.857143
3213.571429
3213.571429
3245
3260.714286
3268.571429
3300
3355
3394.285714
3402.142857
3410
3425.714286
3465
3496.428571
3512.142857
3606.428571
3637.857143
3685
3685
3944.285714
3975.714286
3975.714286
3991.428571
3999.285714
4093.571429
4109.285714
4109.285714
4125
4180
4227.142857
4227.142857
4258.571429
4266.428571
4313.571429
4313.571429
4337.142857
4376.428571
4400
4423.571429
4439.285714
4470.714286
4478.571429
4486.428571
4494.285714
4580.714286
4627.857143
4651.428571
4667.142857
4667.142857
4706.428571
4706.428571
4753.571429
4840
4847.857143
4879.285714
4934.285714
4934.285714
4957.857143
5020.714286
5020.714286
5028.571429
5052.142857
5060
5067.857143
5107.142857
5130.714286
5201.428571
5201.428571
5232.857143
5232.857143
5311.428571
5319.285714
5327.142857
5327.142857
5366.428571
5366.428571
5382.142857
5413.571429
5452.857143
5460.714286
5460.714286
5515.714286
5531.428571
5539.285714
5633.571429
5649.285714
5704.285714
5704.285714
5751.428571
5782.857143
5790.714286
5837.857143
5853.571429
5861.428571
5892.857143
5908.571429
5916.428571
5955.714286
6002.857143
6034.285714
6050
6089.285714
6105
6128.571429
6128.571429
6136.428571
6144.285714
6152.142857
6152.142857
6152.142857
6160
6191.428571
6191.428571
6191.428571
6191.428571
6215
6222.857143
6230.714286
6246.428571
6270
6277.857143
6277.857143
6277.857143
6301.428571
6332.857143
6340.714286
6348.571429
6356.428571
6372.142857
6380
6387.857143
6403.571429
6442.857143
6505.714286
6505.714286
6537.142857
6560.714286
6560.714286
6655
6694.285714
6710
6780.714286
6796.428571
6827.857143
6851.428571
6922.142857
6922.142857
6969.285714
6969.285714
6977.142857
7000.714286
7008.571429
7024.285714
7024.285714
7055.714286
7095
7102.857143
7126.428571
7157.857143
7181.428571
7189.285714
7252.142857
7275.714286
7275.714286
7299.285714
7322.857143
7354.285714
7354.285714
7362.142857
7362.142857
7362.142857
7409.285714
7417.142857
7417.142857
7432.857143
7432.857143
7464.285714
7480
7503.571429
7527.142857
7566.428571
7566.428571
7582.142857
7590
7597.857143
7613.571429
7637.142857
7645
7660.714286
7668.571429
7676.428571
7676.428571
7692.142857
7723.571429
7739.285714
7747.142857
7762.857143
7786.428571
7794.285714
7817.857143
7833.571429
7841.428571
7920
7975
7990.714286
7998.571429
8006.428571
8030
8061.428571
8061.428571
8085
8092.857143
8140
8155.714286
8163.571429
8179.285714
8187.142857
8210.714286
8218.571429
8273.571429
8281.428571
8289.285714
8312.857143
8320.714286
8320.714286
8328.571429
8336.428571
8383.571429
8399.285714
8415
8438.571429
8509.285714
8509.285714
8517.142857
8532.857143
8540.714286
8564.285714
8572.142857
8580
8635
8642.857143
8690
8690
8690
8705.714286
8737.142857
8752.857143
8800
8807.857143
8807.857143
8823.571429
8831.428571
8839.285714
8988.571429
9004.285714
9043.571429
9090.714286
9122.142857
9137.857143
9224.285714
9302.857143
9302.857143
9326.428571
9342.142857
9342.142857
9350
9357.857143
9412.857143
9420.714286
9444.285714
9460
9475.714286
9491.428571
9515
9515
9538.571429
9562.142857
9577.857143
9609.285714
9617.142857
9625
9625
9632.857143
9680
9687.857143
9727.142857
9742.857143
9758.571429
9790
9821.428571
9845
9852.857143
9876.428571
9884.285714
9892.142857
9907.857143
9947.142857
10002.14286
10033.57143
10041.42857
10057.14286
10065
10072.85714
10080.71429
10080.71429
10127.85714
10175
10182.85714
10190.71429
10206.42857
10253.57143
10261.42857
10269.28571
10300.71429
10332.14286
10332.14286
10355.71429
10363.57143
10379.28571
10379.28571
10395
10426.42857
10465.71429
10473.57143
10512.85714
10536.42857
10552.14286
10567.85714
10583.57143
10607.14286
10662.14286
10670
10670
10677.85714
10693.57143
10701.42857
10717.14286
10764.28571
10772.14286
10787.85714
10795.71429
10803.57143
10835
10835
10842.85714
10866.42857
10897.85714
10913.57143
10945
10968.57143
10984.28571
10992.14286
11000
11007.85714
11039.28571
11070.71429
11086.42857
11094.28571
11133.57143
11141.42857
11157.14286
11180.71429
11180.71429
11188.57143
11227.85714
11235.71429
11243.57143
11251.42857
11267.14286
11275
11282.85714
11322.14286
11361.42857
11361.42857
11392.85714
11400.71429
11440
11447.85714
11463.57143
11471.42857
11518.57143
11526.42857
11557.85714
11557.85714
11605
11636.42857
11636.42857
11644.28571
11660
11660
11667.85714
11667.85714
11675.71429
11683.57143
11683.57143
11691.42857
11738.57143
11746.42857
11746.42857
11762.14286
11832.85714
11840.71429
11864.28571
11872.14286
11880
11880
11887.85714
11895.71429
11903.57143
11927.14286
11927.14286
11942.85714
11942.85714
11958.57143
11958.57143
11958.57143
11966.42857
11966.42857
11974.28571
11974.28571
11982.14286
11997.85714
12005.71429
12029.28571
12060.71429
12060.71429
12076.42857
12084.28571
12084.28571
12100
12139.28571
12147.14286
12147.14286
12147.14286
12147.14286
12178.57143
12186.42857
12194.28571
12194.28571
12210
12225.71429
12265
12280.71429
12288.57143
12296.42857
12320
12327.85714
12327.85714
12335.71429
12335.71429
12343.57143
12398.57143
12406.42857
12437.85714
12437.85714
12437.85714
12461.42857
12461.42857
12461.42857
12500.71429
12508.57143
12508.57143
12516.42857
12524.28571
12547.85714
12571.42857
12595
12618.57143
12626.42857
12634.28571
12634.28571
12642.14286
12681.42857
12705
12720.71429
12720.71429
12720.71429
12728.57143
12728.57143
12752.14286
12752.14286
12783.57143
12799.28571
12807.14286
12893.57143
12901.42857
12925
12948.57143
12956.42857
12964.28571
12964.28571
12972.14286
12972.14286
12980
12995.71429
13019.28571
13042.85714
13042.85714
13113.57143
13121.42857
13121.42857
13129.28571
13129.28571
13137.14286
13145
13152.85714
13176.42857
13176.42857
13184.28571
13192.14286
13200
13207.85714
13215.71429
13278.57143
13317.85714
13317.85714
13317.85714
13396.42857
13420
13420
13451.42857
13467.14286
13482.85714
13577.14286
13600.71429
13663.57143
13663.57143
13671.42857
13671.42857
13671.42857
13679.28571
13687.14286
13687.14286
13710.71429
13742.14286
13742.14286
13757.85714
13757.85714
13773.57143
13773.57143
13789.28571
13820.71429
13844.28571
13860
13860
13883.57143
13891.42857
13907.14286
13915
13915
13915
13985.71429
14017.14286
14025
14032.85714
14040.71429
14040.71429
14056.42857
14056.42857
14072.14286
14095.71429
14111.42857
14119.28571
14127.14286
14127.14286
14158.57143
14166.42857
14166.42857
14190
14197.85714
14205.71429
14205.71429
14213.57143
14221.42857
14229.28571
14245
14292.14286
14323.57143
14386.42857
14394.28571
14394.28571
14402.14286
14410
14410
14417.85714
14465
14488.57143
14488.57143
14512.14286
14520
14535.71429
14543.57143
14567.14286
14567.14286
14575
14582.85714
14590.71429
14590.71429
14598.57143
14598.57143
14661.42857
14677.14286
14677.14286
14700.71429
14708.57143
14708.57143
14740
14755.71429
14779.28571
14810.71429
14810.71429
14818.57143
14850
14850
14873.57143
14873.57143
14889.28571
14897.14286
14928.57143
14944.28571
14967.85714
14967.85714
14983.57143
14991.42857
14991.42857
15007.14286
15007.14286
15054.28571
15070
15077.85714
15093.57143
15101.42857
15117.14286
15125
15125
15148.57143
15164.28571
15164.28571
15172.14286
15180
15180
15211.42857
15211.42857
15227.14286
15235
15242.85714
15266.42857
15297.85714
15297.85714
15305.71429
15305.71429
15321.42857
15345
15360.71429
15368.57143
15376.42857
15384.28571
15431.42857
15447.14286
15447.14286
15478.57143
15510
15557.14286
15557.14286
15557.14286
15572.85714
15572.85714
15580.71429
15635.71429
15651.42857
15651.42857
15651.42857
15667.14286
15714.28571
15730
15753.57143
15769.28571
15769.28571
15792.85714
15800.71429
15816.42857
15832.14286
15847.85714
15855.71429
15855.71429
15871.42857
15871.42857
15879.28571
15902.85714
15942.14286
15997.14286
16012.85714
16028.57143
16044.28571
16067.85714
16075.71429
16075.71429
16099.28571
16107.14286
16146.42857
16162.14286
16177.85714
16193.57143
16193.57143
16193.57143
16201.42857
16217.14286
16225
16232.85714
16232.85714
16232.85714
16264.28571
16280
16287.85714
16303.57143
17968.5
17968.5
17968.5
17977.14286
18011.71429
18046.28571
18054.92857
18054.92857
18106.78571
18124.07143
18175.92857
18175.92857
18175.92857
18210.5
18227.78571
18253.71429
18253.71429
18262.35714
18305.57143
18331.5
18409.28571
18435.21429
18435.21429
18452.5
18530.28571
18547.57143
18590.78571
18608.07143
18659.92857
18677.21429
18694.5
18694.5
18711.78571
18711.78571
18729.07143
18737.71429
18772.28571
18780.92857
18789.57143
18789.57143
18798.21429
18798.21429
18806.85714
18815.5
18824.14286
18850.07143
18858.71429
18867.35714
18876
18901.92857
18901.92857
18910.57143
18945.14286
18953.78571
19005.64286
19005.64286
19083.42857
19109.35714
19109.35714
19118
19143.92857
19221.71429
19264.92857
19290.85714
19334.07143
19342.71429
19360
19385.92857
19385.92857
19394.57143
19403.21429
19420.5
19437.78571
19437.78571
19481
19481
19489.64286
19498.28571
19506.92857
19636.57143
19662.5
19671.14286
19679.78571
19714.35714
19766.21429
19792.14286
19792.14286
19818.07143
19852.64286
19852.64286
19878.57143
19913.14286
19939.07143
20008.21429
20016.85714
20051.42857
20137.85714
20155.14286
20155.14286
20155.14286
20189.71429
20189.71429
20198.35714
20224.28571
20232.92857
20293.42857
20293.42857
20293.42857
20310.71429
20328
20405.78571
20405.78571
20440.35714
20457.64286
20457.64286
20457.64286
20483.57143
20492.21429
20526.78571
20526.78571
20578.64286
20578.64286
20613.21429
20613.21429
20639.14286
20639.14286
20682.35714
20699.64286
20699.64286
20699.64286
20734.21429
20734.21429
20742.85714
20742.85714
20768.78571
20777.42857
20803.35714
20803.35714
20812
20812
20820.64286
20829.28571
20855.21429
20872.5
20907.07143
20933
20984.85714
21002.14286
21002.14286
21045.35714
21097.21429
21131.78571
21157.71429
21192.28571
21209.57143
21226.85714
21235.5
21287.35714
21296
21313.28571
21330.57143
21330.57143
21339.21429
21347.85714
21425.64286
21425.64286
21434.28571
21434.28571
21434.28571
21468.85714
21494.78571
21520.71429
21538
21572.57143
21624.42857
21702.21429
21710.85714
21728.14286
21745.42857
21805.92857
21823.21429
21935.57143
21952.85714
21996.07143
22004.71429
22013.35714
22056.57143
22056.57143
22117.07143
22125.71429
22134.35714
22134.35714
22143
22143
22160.28571
22160.28571
22203.5
22238.07143
22264
22281.28571
22289.92857
22298.57143
22307.21429
22402.28571
22436.85714
22445.5
22445.5
22471.42857
22480.07143
22480.07143
22523.28571
22540.57143
22557.85714
22557.85714
22566.5
22583.78571
22592.42857
22601.07143
22609.71429
22644.28571
22644.28571
22661.57143
22661.57143
22678.85714
22696.14286
22696.14286
22704.78571
22704.78571
22756.64286
22817.14286
22817.14286
22834.42857
22860.35714
22877.64286
22877.64286
22894.92857
22912.21429
22946.78571
22955.42857
22955.42857
22964.07143
22981.35714
22981.35714
22981.35714
22998.64286
23015.92857
23024.57143
23059.14286
23059.14286
23076.42857
23085.07143
23093.71429
23102.35714
23136.92857
23154.21429
23171.5
23197.42857
23223.35714
23327.07143
23335.71429
23344.35714
23344.35714
23353
23404.85714
23404.85714
23413.5
23422.14286
23422.14286
23456.71429
23456.71429
23456.71429
23491.28571
23491.28571
23508.57143
23577.71429
23595
23629.57143
23638.21429
23664.14286
23690.07143
23690.07143
23698.71429
23767.85714
23785.14286
23940.71429
23940.71429
23949.35714
23958
23966.64286
24027.14286
24044.42857
24053.07143
24130.85714
24165.42857
24182.71429
24200
24225.92857
24225.92857
24225.92857
24243.21429
24260.5
24321
24372.85714
24390.14286
24416.07143
24467.92857
24511.14286
24511.14286
24563
24606.21429
24614.85714
24614.85714
24640.78571
24658.07143
24692.64286
24839.57143
24848.21429
24848.21429
24865.5
25003.78571
25012.42857
25029.71429
25098.85714
25176.64286
25185.28571
25193.92857
25202.57143
25228.5
25254.42857
25289
25384.07143
25435.92857
25444.57143
25444.57143
25444.57143
25453.21429
25461.85714
25470.5
25487.78571
25505.07143
25548.28571
25574.21429
25608.78571
25695.21429
25703.85714
25712.5
25781.64286
25807.57143
25824.85714
25868.07143
25928.57143
25928.57143
25945.85714
25963.14286
25980.42857
25980.42857
26006.35714
26058.21429
26058.21429
26092.78571
26170.57143
26213.78571
26248.35714
26248.35714
26291.57143
26395.28571
26412.57143
26524.92857
26533.57143
26542.21429
26620
26654.57143
26654.57143
26663.21429
26715.07143
26741
26758.28571
26766.92857
26862
26905.21429
26948.42857
26948.42857
26957.07143
27086.71429
27095.35714
27138.57143
27155.85714
27155.85714
27164.5
27164.5
27199.07143
27242.28571
27259.57143
27302.78571
27302.78571
27423.78571
27441.07143
27449.71429
27467
27510.21429
27562.07143
27639.85714
27657.14286
27709
27847.28571
27864.57143
27873.21429
27899.14286
27942.35714
27985.57143
27994.21429
28011.5
28037.42857
28080.64286
28089.28571
28089.28571
28106.57143
28141.14286
28149.78571
28175.71429
28201.64286
25677.14286
25716.42857
25732.14286
25732.14286
25740
25771.42857
25826.42857
25842.14286
25881.42857
25928.57143
25991.42857
26038.57143
26070
26077.85714
26101.42857
26132.85714
26140.71429
26140.71429
26180
26180
26235
26250.71429
26258.57143
26274.28571
26321.42857
26337.14286
26345
26352.85714
26360.71429
26368.57143
26392.14286
26407.85714
26439.28571
26447.14286
26455
26525.71429
26525.71429
26533.57143
26533.57143
26533.57143
26549.28571
26604.28571
26627.85714
26659.28571
26698.57143
26722.14286
26730
26745.71429
26792.85714
26800.71429
26800.71429
26832.14286
26902.85714
26973.57143
26997.14286
27060
27138.57143
27154.28571
27170
27193.57143
27256.42857
27272.14286
27272.14286
27287.85714
27327.14286
27350.71429
27374.28571
27405.71429
27405.71429
27429.28571
27468.57143
27476.42857
27476.42857
27476.42857
27492.14286
27704.28571
27720
27735.71429
27845.71429
27861.42857
27861.42857
27877.14286
27908.57143
27924.28571
27947.85714
28002.85714
28018.57143
28026.42857
28238.57143
28348.57143
28458.57143
28458.57143
28497.85714
28537.14286
28607.85714
28631.42857
28647.14286
28812.14286
28812.14286
28827.85714
28843.57143
28898.57143
28945.71429
28969.28571
28992.85714
29008.57143
29024.28571
29055.71429
29087.14286
29110.71429
29228.57143
29291.42857
29315
29354.28571
29432.85714
29464.28571
29558.57143
29566.42857
29574.28571
29590
29629.28571
29660.71429
29676.42857
29684.28571
29692.14286
29817.85714
29849.28571
29865
29865
30030
30116.42857
30163.57143
30187.14286
30187.14286
30328.57143
30352.14286
30367.85714
30375.71429
30391.42857
30446.42857
30580
30587.85714
30627.14286
30682.14286
30697.85714
30729.28571
30784.28571
30823.57143
30839.28571
30886.42857
30933.57143
30949.28571
31027.85714
31090.71429
31098.57143
31130
31216.42857
31232.14286
31247.85714
31247.85714
31263.57143
31287.14286
31287.14286
31287.14286
31326.42857
31389.28571
31397.14286
31420.71429
31428.57143
31452.14286
31475.71429
31538.57143
31609.28571
31632.85714
31632.85714
31711.42857
31742.85714
31774.28571
31884.28571
31900
31900
32041.42857
32049.28571
32049.28571
32072.85714
32112.14286
32135.71429
32206.42857
32253.57143
32300.71429
32332.14286
32410.71429
32426.42857
32497.14286
32536.42857
32567.85714
32615
32646.42857
32685.71429
32732.85714
32740.71429
32787.85714
32795.71429
32850.71429
32874.28571
32882.14286
32882.14286
32937.14286
33102.14286
33141.42857
33227.85714
33282.85714
33322.14286
33385
33487.14286
33495
33667.85714
33667.85714
33722.85714
33864.28571
33919.28571
33974.28571
34107.85714
34217.85714
34406.42857
34469.28571
34469.28571
34720.71429
34822.85714
34956.42857
35042.85714
35074.28571
35168.57143
35200
35200
35215.71429
35302.14286
35302.14286
35310
35317.85714
35372.85714
35412.14286
35624.28571
35663.57143
35679.28571
35710.71429
35938.57143
35946.42857
36080
36080
36135
36213.57143
36237.14286
36535.71429
36575
36653.57143
36724.28571
36740
36747.85714
36818.57143
36865.71429
37007.14286
37022.85714
37117.14286
37219.28571
37274.28571
37274.28571
37290
37376.42857
37400
37447.14286
37455
37486.42857
37627.85714
37667.14286
37690.71429
37706.42857
37808.57143
37871.42857
38075.71429
38421.42857
38437.14286
38578.57143
38665
38712.14286
38782.85714
38869.28571
39395.71429
39576.42857
39639.28571
39678.57143
39686.42857
39788.57143
39930
39977.14286
39977.14286
40142.14286
40189.28571
40338.57143
40401.42857
40495.71429
40519.28571
40519.28571
40527.14286
40542.85714
40566.42857
40574.28571
40676.42857
41140
41422.85714
41477.85714
41485.71429
41760.71429
41949.28571
42027.85714
42051.42857
42067.14286
42137.85714
42271.42857
42774.28571
42790
43340
43418.57143
43544.28571
43544.28571
43701.42857
44000
44055
44070.71429
44125.71429
44125.71429
44172.85714
44188.57143
44196.42857
44243.57143
44243.57143
44251.42857
44267.14286
44330
44369.28571
44636.42857
44667.85714
44848.57143
45013.57143
45021.42857
45524.28571
46082.14286
46113.57143
46160.71429
46294.28571
46545.71429
46836.42857
47095.71429
47323.57143
47370.71429
47637.85714
47708.57143
47928.57143
48352.85714
48604.28571
48627.85714
48635.71429
48706.42857
48785
49248.57143
49476.42857
49790.71429
50183.57143
50537.14286
50552.85714
50898.57143
51087.14286
51267.85714
51401.42857
51503.57143
51550.71429
52030
52187.14286
52281.42857
52470
52564.28571
52925.71429
53279.28571
53365.71429
53389.28571
53405
53907.85714
54041.42857
54552.14286
54748.57143
54897.85714
55157.14286
55172.85714
55377.14286
55754.28571
55785.71429
55966.42857
56610.71429
56870
56940.71429
57035
57097.85714
57310
57985.71429
58009.28571
58300
59227.14286
59604.28571
60280
60342.85714
60500
60539.28571
62142.14286
62503.57143
63218.57143
63407.14286
63965
64020
64357.85714
65615
65630.71429
65842.85714
66997.85714
67029.28571
67335.71429
67398.57143
67760
67932.85714
68137.14286
68970
69135
69567.14286
69818.57143
71523.57143
71602.14286
71735.71429
72144.28571
72482.14286
72497.85714
73880.71429
76245.71429
76693.57143
79145
79828.57143
80402.14286
81070
81612.14286
81659.28571
82775
84354.28571
86632.85714
86742.85714
91645.71429
94466.42857
106582.1429
106676.4286
108436.4286
131819.2857
160655
